image: 2020_08_22a.pgm
resolution: 0.014788
origin: [-1.500000, -11.500000, 0.000000]
negate: 0
occupied_thresh: 0.65
free_thresh: 0.196

